1
2
3
4
5
123456789101234567891012345678910123456789101234567891012345678910123456789101234567891012345678910123456789101234567891012345678910123456789101234567891012345678910123456789101234567891012345678910123456789101234567891012345678910123456789101234567891012345678910123456789101234567891012345678910123456789101234567891012345678910123456789101234567891012345678910123456789101234567891012345678910123456789101234567891012345678910123456789101234567891012345678910123456789101234567891012345678910123456789101234567891012345678910123456789101234567891012345678910123456789101234567891012345678910123456789101234567891012345678910123456789101234567891012345678910
6
7
8
9
10